x:59.07235 y:-6.385462 z:-0.0078125
x: 0 y: 0 z:211.724
x: 6.664022 y: 6.76522 z: 1